1087.50   1512.00   0.72      
1555.00   2514.06   0.62      
4449.50   7704.01   0.58      
2228.50   3510.06   0.63      
3416.50   6389.05   0.53      
6540.00   14079.04  0.46      
789.00    1538.69   0.51      
260.50    563.13    0.46      
1632.50   2676.06   0.61      
1106.50   1856.00   0.60      
4544.50   7962.30   0.57      
208.00    441.83    0.47      
591.50    1590.01   0.37      
1517.00   5189.31   0.29      
2885.50   4136.02   0.70      
2632.00   3456.00   0.76      
2237.00   3696.00   0.61      
2612.00   4402.09   0.59      
3085.50   5902.17   0.52      
375.00    591.14    0.63      
2006.00   3699.10   0.54      
3901.00   7746.37   0.50      
242.00    395.00    0.61      
368.00    512.16    0.72      
2259.50   4936.34   0.46      
4105.50   8013.30   0.51      
7841.00   18798.15  0.42      
1556.00   2364.01   0.66      
362.00    509.00    0.71      
864.00    1623.04   0.53      
1273.00   1892.00   0.67      
1273.50   1954.37   0.65      
4812.00   9140.20   0.53      
2414.50   3362.04   0.72      
4094.00   6687.11   0.61      
1876.50   3192.16   0.59      
302.00    466.15    0.65      
2358.00   2884.02   0.82      
2221.00   3484.01   0.64      
1178.50   1650.00   0.71      
956.50    2134.90   0.45      
2436.00   3499.46   0.70      
2087.00   4136.00   0.50      
4967.50   11448.07  0.43      
2417.50   3220.22   0.75      
2431.50   3404.12   0.71      
1884.00   2878.08   0.65      
2914.50   4877.02   0.60      
4013.50   5960.07   0.67      
2533.50   3783.01   0.67      
2516.00   3245.00   0.78      
2502.00   3163.07   0.79      
1338.00   2656.03   0.50      
4934.00   8424.45   0.59      
382.50    666.00    0.57      
2289.00   2838.03   0.81      
915.00    2320.12   0.39      
1283.50   2638.00   0.49      
1934.50   3051.36   0.63      
2003.50   2730.28   0.73      
3350.00   6006.88   0.56      
614.50    3280.01   0.19      
588.00    1042.07   0.56      
597.50    1060.01   0.56      
229.00    349.47    0.66      
653.00    1090.81   0.60      
702.50    1720.26   0.41      
427.00    790.21    0.54      
759.00    1273.14   0.60      
351.50    470.11    0.75      
506.00    745.05    0.68      
497.50    747.00    0.67      
612.00    1212.24   0.50      
484.50    642.05    0.75      
647.50    973.06    0.67      
567.00    916.02    0.62      
1224.50   2725.00   0.45      
582.00    760.07    0.77      
1569.50   3075.09   0.51      
572.00    992.42    0.58      
316.00    448.29    0.70      
673.50    848.04    0.79      
502.50    742.08    0.68      
791.00    1005.02   0.79      
626.50    1000.02   0.63      
430.00    629.00    0.68      
1924.50   4292.14   0.45      
661.50    911.18    0.73      
625.50    763.02    0.82      
662.00    858.01    0.77      
370.00    541.58    0.68      
393.50    588.00    0.67      
1523.00   3118.05   0.49      
1242.00   2116.02   0.59      
714.00    1165.00   0.61      
442.00    601.04    0.74      
548.00    754.32    0.73      
395.00    738.00    0.54      
307.50    416.02    0.74      
583.50    692.18    0.84      
390.50    561.00    0.70      
248.50    336.00    0.74      
442.50    688.01    0.64      
461.50    660.00    0.70      
210.00    364.00    0.58      
